18,5
21,107
18,4
21,106
18,2
21,105
18,1
21,104
18,0
21,103
17,3
21,102
17,2
21,101
17,1
21,100
17,0
21,99
16,5
21,98
16,4
16,2
16,1
16,0
15,6
15,5
15,4
21,97
15,2
21,96
15,1
21,95
15,0
14,2
14,1
14,0
21,94
13,6
13,5
13,4
13,2
13,1
13,0
12,5
12,4
12,2
12,1
12,0
11,2
21,93
11,1
21,92
11,0
21,91
10,4
10,2
10,1
21,90
10,0
9,8
21,89
9,7
9,6
9,5
9,4
21,88
9,2
9,1
9,0
21,87
8,3
8,2
8,1
21,86
8,0
21,85
7,8
7,7
21,84
7,6
21,83
7,5
21,82
7,4
7,2
7,1
7,0
22,3
6,6
6,5
6,4
6,2
6,1
21,3
6,0
5,6
5,5
5,4
20,3
5,2
5,1
5,0
19,3
4,3
2,5
16,3
2,4
2,2
2,1
2,0
15,3
14,3
13,3
12,3
11,3
18,3
10,3
9,3
7,3
6,3
5,3
2,3
1,3
0,243
0,9
0,1
0,300
0,299
0,298
0,297
0,296
21,108
19,0
19,1
21,110
21,111
19,4
19,5
20,0
21,114
21,115
20,2
21,0
21,2
21,4
21,7
21,8
21,10
21,11
21,13
21,14
21,118
21,119
21,16
21,17
21,18
21,122
21,123
21,20
21,21
21,125
21,126
21,127
21,24
21,25
21,129
21,130
21,131
21,28
21,29
21,133
21,134
21,31
21,32
21,33
21,137
21,138
21,35
21,36
21,64
21,141
21,142
21,66
21,67
21,68
21,145
21,146
21,70
21,71
21,148
21,149
21,150
21,74
21,75
21,152
21,153
21,154
21,78
21,79
21,156
21,157
21,81
21,159
21,161
21,162
21,164
21,165
21,167
21,169
21,170
21,172
21,173
21,175
21,176
21,178
21,180
21,181
21,183
21,184
21,186
21,188
21,189
21,191
21,192
21,194
21,196
21,197
21,199
21,200
21,202
21,203
21,205
21,207
21,208
21,210
21,211
21,213
21,215
21,216
21,218
21,219
21,221
21,222
21,224
21,226
21,227
21,229
21,230
21,232
21,234
21,235
21,237
21,238
21,240
21,241
21,243
21,245
21,246
21,248
21,249
21,251
21,253
21,254
21,256
21,257
21,259
21,260
21,262
21,264
21,265
21,267
21,268
21,270
21,272
21,273
21,275
22,0
22,2
22,5
22,6
22,8
22,9
22,10
22,7
22,4
22,1
21,274
21,271
21,269
21,266
21,263
21,261
21,258
21,255
21,252
21,250
21,247
21,244
21,242
21,239
21,236
21,233
21,231
21,228
21,225
21,223
21,220
21,217
21,214
21,212
21,209
21,206
21,204
21,201
21,198
21,195
21,193
21,190
21,187
21,185
21,182
21,179
21,177
21,174
21,171
21,168
21,166
21,163
21,160
21,158
21,80
21,155
21,77
21,76
21,151
21,73
21,72
21,147
21,69
21,144
21,143
21,65
21,140
21,139
21,34
21,136
21,135
21,30
21,132
21,27
21,26
21,128
21,23
21,22
21,124
21,19
21,121
21,120
21,15
21,117
21,12
21,9
21,5
21,1
21,116
20,1
21,113
21,112
19,2
21,109
0,295
0,294
0,293
0,292
0,291
0,290
0,289
0,288
0,287
0,286
0,285
0,284
0,283
0,282
0,281
0,280
0,279
0,278
0,277
0,276
0,275
0,274
0,273
0,272
0,271
0,270
0,269
0,268
0,267
0,266
0,265
0,264
0,263
0,262
0,261
0,260
0,259
0,258
0,257
0,256
0,255
0,254
0,253
0,252
0,251
0,250
0,249
0,248
0,247
0,246
0,245
0,244
0,242
0,241
0,240
0,239
0,238
0,237
0,236
0,235
0,234
0,233
0,232
0,231
0,230
0,229
0,228
0,227
0,226
0,225
0,224
0,223
0,222
0,221
0,220
0,219
0,218
0,217
0,216
0,215
0,214
0,213
0,212
0,211
0,210
0,209
0,208
0,207
0,206
0,205
0,204
0,203
0,202
0,201
0,200
0,199
0,198
0,197
0,196
0,195
0,194
0,193
0,192
0,63
0,62
0,61
0,60
0,59
0,58
0,57
0,56
0,55
0,54
0,53
0,52
0,51
0,50
0,49
0,48
0,47
0,46
0,45
0,6
0,0
0,5
0,304
0,303
0,306
0,305
0,302
0,12
0,10
0,8
0,11
0,4
0,2
0,3
0,7
